# Tetrahedron method
     -133.1569744956        0.0000000000
     -124.8851777792        0.0000000000
     -116.6133810629        0.0000000000
     -108.3415843465        0.0000000000
     -100.0697876302        0.0000000000
      -91.7979909138        0.0000000000
      -83.5261941975        0.0000000000
      -75.2543974811        0.0000000000
      -66.9826007647        0.0000000000
      -58.7108040484        0.0000000000
      -50.4390073320        0.0000000000
      -42.1672106157        0.0000000000
      -33.8954138993        0.0000000000
      -25.6236171830        0.0000000000
      -17.3518204666        0.0000000000
       -9.0800237503        0.0000000000
       -0.8082270339        0.0000000000
        7.4635696824        0.0005585109
       15.7353663988        0.0005467625
       24.0071631151        0.0006187493
       32.2789598315        0.0006648528
       40.5507565478        0.0009096122
       48.8225532642        0.0009789739
       57.0943499805        0.0011825886
       65.3661466969        0.0012679453
       73.6379434132        0.0013666293
       81.9097401296        0.0014572778
       90.1815368459        0.0015572908
       98.4533335623        0.0017053212
      106.7251302787        0.0018164141
      114.9969269950        0.0019593688
      123.2687237114        0.0021104636
      131.5405204277        0.0022499300
      139.8123171441        0.0024111324
      148.0841138604        0.0026544335
      156.3559105768        0.0028946621
      164.6277072931        0.0030931204
      172.8995040095        0.0033913858
      181.1713007258        0.0036025707
      189.4430974422        0.0040472124
      197.7148941585        0.0044518647
      205.9866908749        0.0050359038
      214.2584875912        0.0054942452
      222.5302843076        0.0063988890
      230.8020810239        0.0103474613
      239.0738777403        0.0127759539
      247.3456744566        0.0141933960
      255.6174711730        0.0170509201
      263.8892678893        0.0210592737
      272.1610646057        0.0259478214
      280.4328613221        0.0315292750
      288.7046580384        0.0722190348
      296.9764547548        0.0277433566
      305.2482514711        0.0317405421
      313.5200481875        0.0178247323
      321.7918449038        0.0168397062
      330.0636416202        0.0166517376
      338.3354383365        0.0166634366
      346.6072350529        0.0185244645
      354.8790317692        0.0643859360
      363.1508284856        0.0156640675
      371.4226252019        0.0250920602
      379.6944219183        0.0207180512
      387.9662186346        0.0170615940
      396.2380153510        0.0153434021
      404.5098120673        0.0048987867
      412.7816087837        0.0052563715
      421.0534055000        0.0057836814
      429.3252022164        0.0064228787
      437.5969989327        0.0074364080
      445.8687956491        0.0109794161
      454.1405923655        0.0158167212
      462.4123890818        0.0292480981
      470.6841857982        0.0311585012
      478.9559825145        0.0261208415
      487.2277792309        0.0237278761
      495.4995759472        0.0206912690
      503.7713726636        0.0194025551
      512.0431693799        0.0177461301
      520.3149660963        0.0247455055
      528.5867628126        0.0044031410
      536.8585595290        0.0043929141
      545.1303562453        0.0044264589
      553.4021529617        0.0045551718
      561.6739496780        0.0046782310
      569.9457463944        0.0048593236
      578.2175431107        0.0049939351
      586.4893398271        0.0051911237
      594.7611365434        0.0053797887
      603.0329332598        0.0055764720
      611.3047299761        0.0059195567
      619.5765266925        0.0062368177
      627.8483234089        0.0065952983
      636.1201201252        0.0073208063
      644.3919168416        0.0084528652
      652.6637135579        0.0081298898
      660.9355102743        0.0074601590
      669.2073069906        0.0070057138
      677.4791037070        0.0070236854
      685.7509004233        0.0070318181
      694.0226971397        0.0070322306
      702.2944938560        0.0072373994
      710.5662905724        0.0073380197
      718.8380872887        0.0077150078
      727.1098840051        0.0085996178
      735.3816807214        0.0091542064
      743.6534774378        0.0081307648
      751.9252741541        0.0076680758
      760.1970708705        0.0070581341
      768.4688675868        0.0069077816
      776.7406643032        0.0066851627
      785.0124610195        0.0065497396
      793.2842577359        0.0064189176
      801.5560544523        0.0063069697
      809.8278511686        0.0062813262
      818.0996478850        0.0063697872
      826.3714446013        0.0064520673
      834.6432413177        0.0065806008
      842.9150380340        0.0072961302
      851.1868347504        0.0088514290
      859.4586314667        0.0103792887
      867.7304281831        0.0179177273
      876.0022248994        0.0306540481
      884.2740216158        0.0072249141
      892.5458183321        0.0128924054
      900.8176150485        0.0099842405
      909.0894117648        0.0082360546
      917.3612084812        0.0132076866
      925.6330051975        0.0176275374
      933.9048019139        0.0157417302
      942.1765986302        0.0159963032
      950.4483953466        0.0124506097
      958.7201920629        0.0127785734
      966.9919887793        0.0138952940
      975.2637854957        0.0087433626
      983.5355822120        0.0086858857
      991.8073789284        0.0084465941
     1000.0791756447        0.0116406113
     1008.3509723611        0.0081287476
     1016.6227690774        0.0044788202
     1024.8945657938        0.0042592244
     1033.1663625101        0.0039836139
     1041.4381592265        0.0040451230
     1049.7099559428        0.0036052550
     1057.9817526592        0.0033733303
     1066.2535493755        0.0048514371
     1074.5253460919        0.0043313110
     1082.7971428082        0.0044121767
     1091.0689395246        0.0026132651
     1099.3407362409        0.0047142599
     1107.6125329573        0.0132745542
     1115.8843296736        0.0194768788
     1124.1561263900        0.0184765098
     1132.4279231063        0.0205193982
     1140.6997198227        0.0183417933
     1148.9715165391        0.0336240475
     1157.2433132554        0.0364987361
     1165.5151099718        0.0420899452
     1173.7869066881        0.0301559446
     1182.0587034045        0.0478619834
     1190.3305001208        0.0314674140
     1198.6022968372        0.0251675238
     1206.8740935535        0.0245226850
     1215.1458902699        0.0243848102
     1223.4176869862        0.0260310683
     1231.6894837026        0.0301622075
     1239.9612804189        0.0137053880
     1248.2330771353        0.0129841354
     1256.5048738516        0.0123542617
     1264.7766705680        0.0360292383
     1273.0484672843        0.0499517241
     1281.3202640007        0.0346092373
     1289.5920607170        0.0357681231
     1297.8638574334        0.0308626894
     1306.1356541497        0.0155319053
     1314.4074508661        0.0143966824
     1322.6792475825        0.0137188126
     1330.9510442988        0.0133842685
     1339.2228410152        0.0129955300
     1347.4946377315        0.0128051611
     1355.7664344479        0.0123338597
     1364.0382311642        0.0116002278
     1372.3100278806        0.0064386612
     1380.5818245969        0.0059522521
     1388.8536213133        0.0000000000
     1397.1254180296        0.0000000000
     1405.3972147460        0.0000000000
     1413.6690114623        0.0000000000
     1421.9408081787        0.0000000000
     1430.2126048950        0.0000000000
     1438.4844016114        0.0000000000
     1446.7561983277        0.0000000000
     1455.0279950441        0.0000000000
     1463.2997917604        0.0000000000
     1471.5715884768        0.0000000000
     1479.8433851931        0.0000000000
     1488.1151819095        0.0000000000
     1496.3869786259        0.0000000000
     1504.6587753422        0.0000000000
     1512.9305720586        0.0000000000
     1521.2023687749        0.0000000000
